0.7390867805264372
2.0608261130536665
3.081019009692297
3.183979671461586
3.2349146389970524
3.4059333930607276
3.580089718823544
3.6495270867095724
3.661851654625104
3.8047803863350635
3.8157052027418823
3.8537197394952627
3.797147077490432
3.803096882526931
3.806295268201101
3.8010292944165984
3.66040664055142
3.6687777729319215
3.6001479394430884
3.528793973585798
3.4895470350724427
3.426750274979844
3.34846402646695
3.3260440093767483
3.218732730596336
3.1431105287975494
3.1374791478711557
3.0547090399619634
3.0298143324242015
2.9410364382130783
2.983463202872465
2.920208645979915
2.9053929288040163
2.8851806750140563
2.8668083391602
2.8886856921757698
2.869521573185134
2.8299530242081055
2.909290520450814
2.913950640813451
2.8299530242081055
2.915664606732834
2.946586418753878
2.832990923583956
3.0045606974280163
2.948023569929182
2.993080451960993
3.0452069481599926
2.9562934817760866
2.9567319902455793
3.00253856546959
2.963437743139068
3.038205291909906
3.009956718818257
2.973095934288371
3.0911133788515244
2.996526804335857
3.0476240149286435
3.001749709809471
2.9537024084657673
3.051068016756217
3.058338796111468
2.989880542750415
2.983444201313962
3.0734586237040618
2.983415699430029
