0.9688438842988448
1.9748360014443689
3.3504758136105197
3.7424206410102117
3.810940169418006
3.915993422681696
3.9618815771456726
4.194008041924472
4.101164850416803
4.044334549662052
4.025877902425377
3.874486046315065
3.8182244564458867
3.779469826326888
3.6227701539377057
3.4072092230311797
3.387620267898532
3.178459805497477
3.0137716564184682
2.940934883725034
2.777796188908072
2.7635633921005236
2.690415962177369
2.6756250133634567
2.6931692632261406
2.706184064602752
2.7457931032913474
2.7640036654803137
2.836696556824198
2.945224737122567
2.917316999166143
3.005312468897646
2.9979843149734857
2.971191300303866
3.0739224963226404
3.031922442020486
3.0870900831330377
3.126214115059344
3.0567821306122385
3.123743738906886
3.090848231932244
3.0096956426581976
3.082052854268805
3.013490531854195
2.9677089354971184
2.9902336294060654
2.9851553115067544
2.977480195356185
2.960067040215146
2.9470035118217783
2.9809286337028915
2.9548389387257874
2.9870874200650883
2.9823710062814013
2.9856690273693927
3.0085744972036426
2.9850792204874743
2.9858403052838356
2.9823710062814013
2.9455117897462304
2.9756739023234258
3.022844185555494
3.026320357747144
2.9672201761867814
3.0026540425404447
3.0557053670753933
