0.8406056236231396
2.1043188281321847
4.232375149889385
4.584298184274285
3.9747232726614583
4.15782439933614
3.9880898292980684
4.188214591622473
3.873941334645009
3.974875045308888
3.6530846854449597
3.81326687382407
3.500446858050516
3.5307755156672633
3.39768221438182
3.3495654200737732
3.3609327915007707
3.167745038695176
3.1396556236087063
3.0970912344767414
3.0074059162278446
2.998070659408477
2.941008740838961
2.9025305347940353
2.8607332017148894
2.8293120479244234
2.8337621319053095
2.821141616943694
2.810469771799053
2.843342858272071
2.7701494918102623
2.896455441667793
2.835700573966095
2.8583679062655274
2.882437761875827
2.911858528170665
2.889202378384457
2.9821811406728322
2.981820462609771
2.98689695348216
2.8903789742181143
3.0266038812748204
3.0262030532040027
2.9673611479268804
3.026789666875204
3.0494194832818984
2.9743229807966522
3.0542609046991096
2.9864875325681117
3.0180823288175476
3.046801385492399
2.988907600372674
3.0887083269183946
2.9998562252580467
3.0047148762963896
3.078639750616025
2.9617046180838065
3.0346231409277915
3.0391415859875637
2.9814219199239242
3.0156342189300394
3.017712914926107
3.006344357362439
3.0269559154312615
3.0056499245410353
2.989374915217659
