0.8575587751128979
2.471457170670827
4.089118026603529
3.719391548740767
3.4946103861733535
3.715453187242824
3.6737986872454624
3.7135386504517287
3.6472822555912545
3.6444730086017376
3.588509426138904
3.4970496725651237
3.6178178036345936
3.42963549461767
3.467205379647659
3.518959184289122
3.305787512585309
3.3040387455932905
3.3689577740551204
3.1442392316830703
3.1647809290585895
3.242527994231218
2.9945824692883742
3.088484317848819
2.9880401174625706
2.955836451839417
2.9566386796768844
2.8473698399210234
2.826290555288383
2.930521368650066
2.8263502397729385
2.8683706755818346
2.8349025754567316
2.868915260119042
2.871852550936361
2.8711044663945766
2.93551652335646
2.8763139344932727
2.868994329901131
2.941082601662599
2.98731601203132
2.90963386460163
2.9939412966464944
2.973511128977549
3.003337463668729
2.927215942351203
3.0407691532676226
2.951571444325752
3.0459197821368424
2.9937977881465416
2.9867065111872426
3.0335422842121065
3.0374468241123536
2.9855643672059093
3.066898756798245
3.001268903661653
3.0511773198976537
2.985659512505862
3.050402430336386
2.9911596850361075
3.008719425885044
2.976014187833226
3.0532655191571374
2.95580847500533
3.040295499379247
3.000634475342108
