1.4383291857486096
1.7380118958629105
3.9450151945377514
4.8058914878744154
4.587350956177694
4.383428149671148
4.456235782442824
4.344199658857527
4.023025453046949
3.8670016816946764
3.8273495235748167
3.3519862411017445
3.229539729981366
2.8558846343967343
2.590393198318954
2.474623270043964
2.3268991531327194
2.3685909567178314
2.5237869553823495
2.6430091556974036
2.8838751433032623
2.9559203855193905
3.028208255934315
3.166096437154965
3.1502974146131333
3.199583683717135
3.2496248657799116
3.1452420306551345
3.2589053096883758
3.2017596687384082
3.0695112949734757
3.156687405628963
2.9810424544960936
3.0095409522300494
2.984109399907675
2.911550851767573
2.9556592741674086
2.8812587600849255
2.899682750002211
2.924712087975845
2.9356177039760554
2.945002541255287
2.961770158886746
2.9726148309601395
3.040295499379247
2.984546691947661
3.0670995633743896
3.0427541829192872
3.0075024587549537
3.008159112355116
2.9650509015992426
3.0313436455237457
2.9796108426732255
3.0387078622603543
3.0266332143270196
2.965679758500096
3.046801385492399
2.9788434584468897
2.996114739376115
3.0674008225480778
2.956508054774663
3.028952323529249
3.0239759934322348
2.9424866625288617
3.029148191568341
2.919444257773169
3.0407296764734792
