0
0.6064712387447181
1.1974035597713937
1.1538661704426612
1.333535595433202
1.5181130955477864
1.6531154137406072
1.7781166401826842
1.9281764751035522
2.116885686850022
2.2519183582734366
2.2642674633285584
2.49258399584214
2.5845405347160315
2.7067939212326846
2.791178113263105
2.903556027276801
2.8200716356251654
2.9394585200557675
3.053026723159993
3.0303925450068068
3.1220677766902636
3.1638831613135965
3.2123426554335013
3.2902767040314616
3.2212117094704182
3.3899246964356142
3.4768171335075606
3.385845055074464
3.505738677473027
3.5093762349293693
3.5033003587144593
3.563056584883298
3.5915909788699847
3.6229802987312563
3.7608841849520265
3.6700712508930216
3.7376578289423965
3.8688540840414043
3.843869259262114
3.829758934669292
3.930830029618377
3.818566833896678
3.852737173291172
4.031126584724405
4.019676829932571
3.925230533181446
3.977541387574146
3.9499217850439288
4.068289424581669
4.114944980473106
4.058402744801597
4.197390261014477
4.0168503802140085
3.408895279023161
2.756927404860205
1.2351095252793742
