0.45441145723294135
1.4650452998352015
1.151779479782317
1.2350232319769232
1.3098608285133666
1.380145102426585
1.471645453020534
1.491432385013586
1.528144259904081
1.5968932088184153
1.628135896822721
1.6106695407652418
1.6581184709022943
1.7133093371466872
1.7147769445451995
1.7279464436240897
1.7283162139815897
1.7961260001403632
1.7833799038882203
1.761454517204698
1.8214393863196463
1.8447081795290012
1.7943853012940028
1.8197023168570419
1.8235488386241379
1.8459257870984296
1.8172315641399333
1.7955235978872637
1.8585705440776668
1.8552544416023034
1.8168051568529702
1.8708478660575039
1.8997207782213843
1.864752091776068
