0
0.36830639839172363
0.55484938621521
0.7484309673309326
0.915930986404419
1.063065767288208
1.1981847286224365
1.3238048553466797
1.4396486282348633
1.5451655387878418
1.644355297088623
1.7430040836334229
1.8326168060302734
1.9190411567687988
2.0015621185302734
2.0815882682800293
2.1585171222686768
2.2377233505249023
2.3137125968933105
2.3868751525878906
2.4605841636657715
2.5321288108825684
2.6027278900146484
2.672261953353882
2.7401490211486816
2.8094916343688965
2.875383138656616
2.9396278858184814
3.005598783493042
3.0693135261535645
3.132962226867676
3.196721315383911
3.259411096572876
3.3216028213500977
3.38325572013855
3.442647933959961
3.503509759902954
3.5632710456848145
3.6210057735443115
3.6791157722473145
3.7374398708343506
3.794264316558838
3.85275936126709
3.910735607147217
3.966146230697632
4.021714687347412
4.078620195388794
4.134777307510376
4.191327095031738
4.246231555938721
4.300513505935669
4.355551719665527
4.408767461776733
4.464375019073486
4.529899835586548
4.610920190811157
4.791768312454224
