1.33514404296875e-05
0.29189300537109375
0.4443380832672119
0.5947268009185791
0.7470388412475586
0.8939356803894043
1.0374324321746826
1.175062894821167
1.309809684753418
1.4414007663726807
1.5704147815704346
1.7005321979522705
1.8243138790130615
1.9483742713928223
2.0738446712493896
2.1966211795806885
2.318222761154175
2.4408633708953857
2.5624806880950928
2.6841230392456055
2.8034989833831787
2.9231386184692383
3.045180320739746
3.1621077060699463
3.2785191535949707
3.397467613220215
3.5150585174560547
3.631880283355713
3.749547243118286
3.867537021636963
3.9867684841156006
4.10319185256958
4.220624685287476
4.340948104858398
4.45719313621521
4.572881698608398
4.690521955490112
4.807390213012695
4.923886060714722
