0.30222058296203613
0.41060781478881836
0.4831056594848633
0.5532591342926025
0.6223080158233643
0.687889814376831
0.7502813339233398
0.811485767364502
0.8724842071533203
0.9311912059783936
0.9897301197052002
1.0476915836334229
1.1065165996551514
1.1652495861053467
1.223933219909668
1.282698154449463
1.3437206745147705
1.4046039581298828
1.4666478633880615
1.5299463272094727
1.593956708908081
1.6591401100158691
1.7258474826812744
1.7930045127868652
1.8624005317687988
1.9334661960601807
2.004659414291382
2.0777816772460938
2.1515047550201416
2.2274532318115234
2.302321672439575
2.378811836242676
2.4556920528411865
2.5331108570098877
2.611025810241699
2.6883506774902344
2.7661919593811035
2.8451216220855713
2.92189884185791
2.9985532760620117
3.0774829387664795
3.154092311859131
3.2298977375030518
3.3087427616119385
3.3830854892730713
3.4588539600372314
3.5334818363189697
3.606832265853882
3.6823887825012207
3.757934093475342
3.832326889038086
3.907701253890991
3.9812207221984863
4.055430173873901
4.130559682846069
4.202820777893066
4.277362823486328
4.3506550788879395
4.42506742477417
4.500690221786499
4.573899745941162
4.646935224533081
4.721642971038818
4.796511888504028
4.869188070297241
4.9440577030181885
