0.2604687213897705
0.3508474826812744
0.4054722785949707
0.4655270576477051
0.529444694519043
0.5895631313323975
0.6503632068634033
0.710512638092041
0.7717547416687012
0.8330440521240234
0.8952891826629639
0.9591622352600098
1.0209031105041504
1.0860316753387451
1.1504545211791992
1.2139298915863037
1.2814984321594238
1.3491027355194092
1.4154043197631836
1.4864444732666016
1.557023525238037
1.6259102821350098
1.700500726699829
1.7728233337402344
1.8475770950317383
1.9231452941894531
1.9986929893493652
2.0771398544311523
2.1561717987060547
2.2323927879333496
2.3114230632781982
2.3892955780029297
2.4680874347686768
2.545945167541504
2.623723268508911
2.701521635055542
2.7776129245758057
2.8552703857421875
2.9331259727478027
3.009073257446289
3.0838451385498047
3.1606132984161377
3.235219717025757
3.3103387355804443
3.384711742401123
3.4610188007354736
3.5344762802124023
3.6101536750793457
3.6834869384765625
3.758096933364868
3.8328840732574463
3.9065165519714355
3.9800543785095215
4.054870128631592
4.127701759338379
4.2021260261535645
4.275332927703857
4.350146293640137
4.4233717918396
4.498047590255737
4.572287559509277
4.647343397140503
4.720500230789185
4.796069145202637
4.869538068771362
4.9439780712127686
