0.26572179794311523
0.3718688488006592
0.42464470863342285
0.47336912155151367
0.5295660495758057
0.5832881927490234
0.6392967700958252
0.6926290988922119
0.7502880096435547
0.8064827919006348
0.8676276206970215
0.9262039661407471
0.9900150299072266
1.0532779693603516
1.1190190315246582
1.1857044696807861
1.252164363861084
1.3226773738861084
1.3938212394714355
1.4659428596496582
1.540215253829956
1.6147189140319824
1.6906681060791016
1.7676241397857666
1.8457045555114746
1.924652099609375
2.0034756660461426
2.0826518535614014
2.1621286869049072
2.2406866550445557
2.3213202953338623
2.398437738418579
2.4772074222564697
2.5553524494171143
2.632844924926758
2.709554433822632
2.786865472793579
2.8617660999298096
2.936675786972046
3.011458158493042
3.088737726211548
3.162539005279541
3.2363500595092773
3.311624765396118
3.3854215145111084
3.4586706161499023
3.533769130706787
3.6069021224975586
3.681694746017456
3.755704402923584
3.8290164470672607
3.9037485122680664
3.9760658740997314
4.050525188446045
4.124864101409912
4.197417974472046
4.272836446762085
4.346442699432373
4.4199395179748535
4.494859218597412
4.568928956985474
4.642947673797607
4.7172462940216064
4.791038990020752
4.865354776382446
4.940075159072876
