0.23055028915405273
0.3436570167541504
0.4103243350982666
0.47000956535339355
0.5286216735839844
0.5856614112854004
0.642040491104126
0.6952991485595703
0.7497634887695312
0.8049931526184082
0.860476016998291
0.9181268215179443
0.9766271114349365
1.0357272624969482
1.097383737564087
1.1629409790039062
1.228877305984497
1.2991526126861572
1.3732681274414062
1.4492192268371582
1.5296308994293213
1.6104567050933838
1.6934800148010254
1.7769622802734375
1.859900712966919
1.9424402713775635
2.023789167404175
2.104602098464966
2.1833441257476807
2.2591845989227295
2.3357505798339844
2.4100747108459473
2.4845805168151855
2.559758186340332
2.6324234008789062
2.7060952186584473
2.7784504890441895
2.849900245666504
2.9229729175567627
2.994479179382324
3.066746473312378
3.1409623622894287
3.2134358882904053
3.2875583171844482
3.3628242015838623
3.437523126602173
3.5123491287231445
3.5873680114746094
3.662828207015991
3.7386229038238525
3.8135550022125244
3.889148712158203
3.963926315307617
4.038822174072266
4.113635301589966
4.187878847122192
4.262706756591797
4.337515592575073
4.412411451339722
4.488244533538818
4.563308954238892
4.637202024459839
4.711010217666626
4.786288499832153
4.860678434371948
4.93377685546875
