0.24198341369628906
0.3402884006500244
0.3909940719604492
0.4346497058868408
0.4766511917114258
0.5221693515777588
0.5665252208709717
0.6134529113769531
0.6602826118469238
0.710007905960083
0.7639484405517578
0.8182814121246338
0.8811595439910889
0.9475619792938232
1.0190346240997314
1.1023614406585693
1.1934278011322021
1.2968542575836182
1.3967294692993164
1.4924829006195068
1.5824553966522217
1.6654319763183594
1.742323875427246
1.8173174858093262
1.8892526626586914
1.9590928554534912
2.028724193572998
2.0966246128082275
2.16392183303833
2.233318567276001
2.3014793395996094
2.3719322681427
2.4439196586608887
2.5168046951293945
2.590547561645508
2.665283203125
2.74076247215271
2.8174593448638916
2.8952903747558594
2.9715185165405273
3.0508315563201904
3.1268134117126465
3.2026984691619873
3.2785658836364746
3.352968692779541
3.428534984588623
3.50162935256958
3.5748207569122314
3.648714303970337
3.7214107513427734
3.7941536903381348
3.86796498298645
3.941002130508423
4.015016317367554
4.089219570159912
4.164302587509155
4.238872766494751
4.315005302429199
4.390676259994507
4.466094732284546
4.539764404296875
4.615962743759155
4.689855098724365
4.764121055603027
4.836970567703247
4.9119343757629395
4.984990358352661
